p cnf 30 30
14 -10 25 -30 6 23 1 28 29 -20 -11 2 13 18 -15 -26 5 0
-10 6 -16 -29 -20 26 28 17 -2 -27 0
-30 -6 21 25 -14 10 26 5 4 -13 24 0
-30 13 -15 -3 -10 -17 27 23 -2 14 29 24 11 -20 7 -1 9 22 -12 -25 -6 4 0
12 16 5 -3 -11 17 30 29 -7 -20 -6 -4 -22 21 9 18 -25 -1 15 0
-23 21 -24 16 19 -4 -15 -18 -27 -10 -1 26 -8 -3 -11 -14 -22 13 30 0
17 6 -23 -20 -27 -10 1 16 4 -5 22 -9 -26 -18 28 -3 -7 -29 15 13 21 -2 30 11 25 24 -8 -19 -12 0
3 25 -12 19 18 20 -27 -8 -21 -5 -13 24 -15 -4 -10 -14 -9 7 17 -1 0
29 -10 -27 -6 -12 3 -9 0
-17 -12 13 -6 23 -5 -3 9 -19 15 -8 -25 0
4 0
13 -17 15 22 0
29 -21 3 24 -10 28 15 11 1 -19 4 -16 22 -7 -27 14 -26 -6 30 -23 17 -12 -9 -20 -8 0
-4 -23 0
-1 20 -11 16 -2 13 9 15 12 3 0
-20 0
-3 -19 17 27 -10 -16 12 25 9 -18 0
-3 6 17 -22 -5 29 -9 -27 -30 7 14 4 -15 -11 -10 2 -12 -8 24 -19 -21 -13 -26 -18 -23 -20 25 28 1 16 0
-28 2 27 15 25 4 24 -5 -19 -10 -9 13 11 23 -3 -20 -26 -22 1 6 18 8 -16 -29 7 0
22 0
-24 -22 -18 23 -21 -4 13 -26 9 -7 6 -28 -15 -11 8 0
-14 0
4 16 30 10 1 -14 7 3 5 -18 -6 -2 23 24 -8 -19 27 -28 0
23 10 -21 0
5 8 -23 0
-28 -4 15 29 0
2 -5 30 10 25 20 1 -21 -23 7 15 -22 -3 -8 28 -9 -27 16 12 13 -11 4 -17 -24 6 0
-22 12 10 -14 19 7 -1 -18 -20 -29 0
-14 -21 30 -20 -27 -1 -23 3 0
23 -18 -29 -19 -25 10 -27 0
